28.000000
68.320000
111.607552
85.697743
110.211166
87.703476
109.272434
89.008005
108.575516
89.953695
108.027740
90.683368
107.580640
91.270038
107.205717
91.755836
106.884839
92.167140
106.605786
92.521486
106.359951
92.831070
106.141059
93.104689
105.944405
93.348876
105.766375
93.568604
105.604139
93.767733
105.455444
93.949319
105.318466
94.115812
105.191714
94.269208
105.073953
94.411147
104.964147
94.542998
104.861425
94.665906
104.765043
94.780845
104.674364
94.888643
104.588838
94.990014
104.507987
95.085574
104.431394
95.175860
104.358693
95.261343
104.289560
95.342434
104.223708
95.419498
104.160882
95.492859
104.100854
95.562805
104.043421
95.629594
103.988397
95.693457
103.935617
95.754602
103.884930
95.813216
103.836201
95.869471
103.789304
95.923520
103.744126
95.975504
103.700565
96.025552
103.658524
96.073781
103.617915
96.120298
103.578660
96.165204
103.540683
96.208588
103.503916
96.250536
103.468294
96.291124
103.433761
96.330425
103.400259
96.368505
103.367739
96.405427
103.336154
96.441248
103.305458
96.476021
103.275610
96.509797
103.246572
96.542623
103.218308
96.574542
103.190783
96.605595
103.163965
96.635821
103.137825
96.665256
103.112333
96.693934
103.087464
96.721887
103.063192
96.749145
103.039494
96.775735
103.016347
96.801686
102.993730
96.827022
102.971622
96.851767
102.950006
96.875944
102.928862
96.899574
102.908174
96.922677
102.887925
96.945273
102.868100
96.967380
102.848684
96.989016
102.829664
97.010197
102.811025
97.030938
102.792756
97.051255
102.774843
97.071162
102.757276
97.090672
102.740044
97.109799
102.723136
97.128555
102.706541
97.146952
102.690251
97.165000
102.674255
97.182712
102.658546
97.200097
102.643114
97.217165
102.627952
97.233926
102.613051
97.250388
102.598404
97.266562
102.584005
97.282454
102.569845
97.298073
102.555919
97.313427
102.542220
97.328522
102.528742
97.343368
102.515479
97.357969
102.502425
97.372333
102.489574
97.386466
102.476923
97.400374
102.464465
97.414064
102.452195
97.427540
102.440109
97.440808
102.428203
97.453874
102.416471
97.466742
102.404910
97.479419
102.393515
97.491907
102.382282
97.504212
102.371209
97.516339
102.360290
97.528291
102.349522
97.540073
102.338903
97.551688
102.328427
97.563141
102.318093
97.574436
102.307897
97.585575
102.297836
97.596563
102.287907
97.607403
102.278107
97.618098
102.268433
97.628651
102.258883
97.639066
102.249454
97.649346
102.240143
97.659492
102.230948
97.669509
102.221867
97.679399
102.212897
97.689165
102.204036
97.698808
102.195282
97.708333
102.186632
97.717740
102.178086
97.727033
102.169639
97.736214
102.161291
97.745285
102.153040
97.754248
102.144884
97.763106
102.136820
97.771860
102.128848
97.780512
102.120965
97.789065
102.113171
97.797520
102.105462
97.805879
102.097838
97.814143
102.090297
97.822316
102.082838
97.830398
102.075459
97.838391
102.068158
97.846296
102.060935
97.854116
102.053788
97.861851
102.046715
97.869504
102.039716
97.877076
102.032788
97.884567
102.025932
97.891980
102.019145
97.899316
102.012426
97.906577
102.005775
97.913762
101.999190
97.920875
101.992670
97.927916
101.986214
97.934885
101.979821
97.941786
101.973490
97.948617
101.967219
